806109368
883161526
1220154605
1249818545
1679335735
-647969815
928417593
2047282113
657737357
-2132935557
1573631570
1088920499
1937517063
188517064
-1242408975
-1323019224
-1568561305
-604091171
1716533158
358699463
663110702
-2060384402
65378739
1583273040
-132765922
-1102847731
598960184
2061029104
-1219230727
1507646617
1301581455
-27350570
1680965519
-915994892
-154720519
1475152133
-453292041
594103288
556293753
995929196
1934662940
-834591062
1324364544
-1772700365
-2028903045
-1831100240
-941068343
-743433129
1430776618
1438274816
1995213830
-2079160712
1976397083
1597598170
-1825157188
166961393
2007675041
-2115586569
-1563073813
1044857897
-1925636300
-1911978750
1492003569
1549506344
2115075184
259895111
893295151
-484257683
1914796131
-168036182
1361958380
-1709723651
789684743
1528097497
1268110969
-181991745
196705805
1807916741
96757142
-1361453305
888653276
-1865864883
-1004331244
1872829040
807473880
1080336188
164386747
-1512269586
-1583908377
-1740708747
441257581
-1991951070
-700327120
-1751729556
-1104000117
1996644848
-54400475
-500907560
-1476226410
120100174
