1206089797
1617216378
501185452
2030560453
-898037109
1610438109
2103153905
1917153981
-1115012346
-628767400
2084791878
1703461036
1744952393
1833724338
-1240027910
1599801430
-857409737
-1926157623
1956661802
-1666019340
1403561689
-836599337
-1845304130
147117843
1228137840
-644691210
1838757529
1238642108
-1771878706
-1271747867
-596543221
-1675814444
1885666273
616926476
2125374602
1567239878
-1650918512
-407798339
546404258
2065382238
-938842935
-1657019204
597063977
1238823416
710176218
-1887902719
691366326
1743548121
773223680
285957820
-526264238
-1948499748
-1455421891
456125592
1655950960
-841557936
-1296635282
1215118659
-1642412262
2138603552
1147573148
1709748270
426534253
-823573196
1642691217
-1341774703
-1815896505
-1274449897
1693598126
-1008319055
-1766045378
1438217434
-1666993924
1053218661
-656257837
-1395229385
677633920
-1837316395
-848635418
-2005733128
44572114
1803027333
276916845
-1117478759
-2114161168
222127249
-1646692512
-1598523860
929223759
-1237115334
886118903
2067124348
1582509619
-1612674144
-1182790633
1511648373
-43566785
-1026928431
936492041
282460355
